POP Temp1 Temp2 Temp3 Temp4
AAL -0.752138441031881 -1.59363801987461 -2.37849795270129 -0.979876807723353
AKA -1.29636197956164 -2.61293499536591 -3.07703902036201 1.66273550982943
ALA 5.99652129974269 -1.88890208617757 -0.477942783146983 4.42587734491413
ALB 8.40517802284136 1.01773882748959 -1.69710527052358 -1.7550150708587
ALO -0.308229822201304 2.48806490045131 -0.63682997448285 -1.42437099905798
ARC 3.67866475935018 -9.45744430096697 3.75794597340754 -0.28833495213137
ASH 3.49046703946866 2.27233352885165 -2.01733488127432 -1.41372883839848
AVO 3.66526329132752 -1.62069227446763 1.19191010321559 -3.07215257394205
AYA -1.03904907845711 -2.98548364559013 -2.67129223715957 1.39773537131533
BAR 6.40218044274801 1.94088106071465 1.01518070475418 -2.35986573448343
BEL -6.30280691886761 -2.04604740727672 -0.43195919232362 0.548903141744513
BES 6.0763850504868 2.96280007478043 2.65846327142001 -1.93432435449632
BIC 0.977554106980543 2.91156818298312 -1.30796989956447 -0.358235050205848
BIG 4.12852001585114 -4.48370452265773 5.4559205540831 0.817230975092895
BII 10.2845718711607 3.53610721717221 -0.986226112726187 -0.751523191017123
BIL -0.45315055083391 -5.75729771797759 -0.576127229592621 0.944161687370037
BIQ -1.95238622371896 1.40448387122518 -0.490640714690633 -0.764946081764584
BIR 5.62337658955247 3.42883576541091 -0.67396273252363 -2.46871576754731
BLA -6.54065208095012 -1.26011828421818 2.97621214000643 -1.29021957215633
BON 6.43751427896521 2.19662647797251 3.35559364205143 0.747815413169906
BRI 9.10673258522703 4.23268048246269 -1.14781150372103 -0.50579918917592
CAM -7.32772016637816 3.72239769657885 5.40169215997883 2.84437948368222
CAN -2.45170062955628 -1.72557897393925 -1.484448915976 -0.661916548943201
CAP -0.462749724890025 1.88872002703445 -1.89121811508924 -1.02989056073126
CHA -0.0654567707351349 2.17590310429049 -1.95681072862795 -0.930146555810175
CHE 1.28362692499375 2.09536687307095 -0.919153311426403 -1.29663525299815
CHI -1.27801816489941 1.89604580842981 -0.805050794304631 -1.31778940946248
CHM -1.55346629272492 1.83293952462635 -0.70256839713368 -0.532001024249574
CHS -4.22258189971929 0.696130856705709 1.12165289621583 -0.692598583052978
CHW 3.20133216606326 3.5600531430586 -2.08420935487784 -0.75415386967969
CLA 1.51142267370873 5.95272013527287 1.64480637198505 0.573052295491809
CLR 11.9011271677842 -5.81266937370926 5.86289620223375 1.8391905188322
CLU -2.26466429821076 0.803572169711821 -2.44476101897473 0.228160382066806
COG -6.33734176461848 -0.777375715209028 3.28589585036335 -1.05238801188176
COL 3.95592034033348 1.01653924140757 0.900215555976183 -2.55782101894041
CON -1.0708990531425 1.44083139792039 -2.54918636317841 -0.166333921629259
COP -4.92369323600066 -1.4660248386342 -1.90090988621297 0.838867092289721
COW -1.86016413221407 2.15897881117973 0.465464300716481 -0.605223129129561
CRE 6.50578880424248 -2.49108871398313 -3.66392077832546 3.26989783233997
CWL 2.75118179049358 6.35434147627982 -0.751822839813998 0.276999062143277
DAM 6.37152965887057 -3.74425777913925 2.30777838379639 -0.683538815911412
DAT -4.75737717670012 -1.65929702040934 -2.37243437846436 0.765670864267189
DEE -4.85767743948069 -1.55639991034978 -2.42383210657859 0.812104186483148
DUT 3.47868232600631 0.658477153603486 5.25356163364777 -3.04291687340783
EAG 7.90132196610034 3.9398597657328 -0.788593629274623 -1.96341649478367
EEL 1.49953558461171 11.1702947797188 4.86244407753263 5.20086136990522
ELE -4.61720993614235 2.0204446642052 2.3766712202512 0.836970861060241
ELH 0.944078393491366 3.16063073340202 -3.34289482044721 0.684437054332118
ELL -4.63235241354056 2.00492029920086 2.38416493671078 0.834341395098464
ELW 0.944078393491366 3.16063073340202 -3.34289482044721 0.684437054332118
ENN -6.89627213884989 0.188464716897774 4.46871574553783 -0.686740404126794
EVE -2.33047833276416 -2.5374397670742 -1.10517872548695 -1.03238948251692
FEN -0.0996860858112487 -5.99232594783075 1.42412296097434 -3.56736883027022
FOR -5.82130045981755 -0.494497840196205 4.06144665349208 -1.43011745531713
FRO -1.29934136582882 -5.1415144949238 -5.30680067469777 1.72033619858705
FUN 3.86554475543823 -1.72515963548557 1.21654348821945 2.62457958384593
GAT 6.12005536624849 3.5834818921752 -0.913601059628558 -2.06164870504256
GEO 7.64463416314578 -6.82212275041335 5.04234978910334 0.853804989340546
GER 1.54434765706695 -4.90613877585613 0.367560972074507 1.93463488978683
GIL 1.42572232907017 -1.02787031029592 -3.0542085813119 -0.901445892014153
GLE -5.6495145600669 -1.35192362175501 -0.495800010291002 0.230990693402937
GNA -4.95124177662794 1.02820277363677 1.36142814979042 0.273411223798836
GOL -4.35380812547061 0.44903137728768 0.825313766369208 -0.43685475730838
GOO 2.42393254915816 -6.01775322446864 0.0874735987921332 2.04128276909033
GUN -0.648236401337319 -6.08803264165322 -1.909500093646 0.838224519329175
HAB 4.75397406598062 0.163071964853625 1.61668702808099 -3.14375781783107
HAR 5.35946060041078 1.82163134192545 1.51671881617769 -1.81111685531534
HEY -3.04057933290015 -0.176206082059201 -0.850908535158501 -0.80235626820815
HIC 0.300252468819231 -1.36931734692058 -0.763444730105688 -2.5582766421781
HOD -5.96401861951725 -1.07586203790302 2.77328229075286 -1.34999779424266
HOK -4.41687846968107 1.21110158667333 0.634775632878854 1.3850529491265
HOL -8.25300228646343 1.71684373986828 3.97106161285589 1.68250430507722
HOM 11.7998294305775 6.32412383084367 -4.56173730962281 2.23118953885998
HOP -6.56882427080022 0.262837031848845 4.32912179750484 -0.42636560704437
HUG 0.338468057125442 -0.268886350272133 -2.94167823960393 -0.176267228563477
INC -6.70131785489217 -1.22924511751831 2.69973370111827 -1.14178336421012
IVA 0.88524801633668 -3.80137380987582 -4.13317337849618 3.01301068710538
KAL 5.41860855637246 1.56558729997285 -1.27224819390341 -1.13370483827441
KAN -3.31960370413723 0.943822697154953 0.743299105632707 -1.3567674290771
KAS 1.99289929678469 -0.598262734585417 -2.34053792007622 -1.01751719475672
KAW -2.24636323035183 0.6341922328835 0.437661401931373 -2.24165377824446
KEN 7.92949090439759 1.51092599083457 -2.39861213237835 3.46152244753352
KEO -3.67543439893867 0.123058489049015 -1.53550921605585 0.344365593923527
KHU 1.03794385302315 -0.606836202612114 -3.17645830924215 -0.559818893499816
KIK -2.34671263169962 -2.00353985176574 -1.28674925530727 -0.805325471777616
KIL 0.491517663590698 -1.18977969647091 -3.0420189175691 -1.06209318569898
KIS -4.9456809991578 -2.24264031858965 -1.27434695919089 -0.0885675241501784
KIT 4.34637881450561 1.54702744990391 -2.24857936496226 -0.383125441797963
KLI 10.7498589990611 5.69384343216702 -3.21124566712501 2.3337081546226
KLU 8.87186072938065 -3.02866208161834 1.67223140792267 0.851418319134955
KOG 6.85671918285788 -5.58730976032568 3.36875180499082 3.358416699878
KOO -6.28919726984232 -0.659686662038166 0.344256317241898 0.885819975122203
KWA -0.176068431414453 -0.633036955144572 -2.15347037369917 -0.46719255528795
KWE 6.55556303979679 -3.86867547772655 -0.131835773964077 4.21336164625716
LAC -1.53294160080522 -2.00357515339558 -1.80576091675005 -0.857807054953686
LAG -5.62376828145037 7.26555235023257 5.69594737169982 4.84487768260764
LAN -3.02592840399659 -4.58877971383021 8.49077622432311 -0.14482251292708
LCA -6.27319452875491 -0.439562400226103 3.31843894760862 -0.672832763621076
LEM 4.70406781603828 -0.298379047347874 3.60788565671627 -1.31719173338844
LIO 4.71215304983567 -1.00209703814859 1.44517476109181 -3.35984647350881
LNG -2.60326413080887 0.756420555772199 -0.381282941294694 -0.81599693420494
LON 1.75861231900057 1.16375881605355 -2.83267166821688 0.630549333305259
LOU 6.04867814362371 1.31949683164793 3.09539612275009 -0.836293608820035
MAD 3.22893981684953 2.81092011463252 2.44881932863641 -2.9771632844279
MAM 2.90905355571729 2.90798731125061 -2.11073562041785 -1.37656214415119
MAR -1.7983087620006 1.39327328137644 -2.59196098087932 0.748255249708989
MAT 1.24848646854517 -7.10402742836497 0.652194335590916 0.690279061806424
MCG -8.14835193462672 2.34666986770496 2.2423620095201 3.02684225870342
MCK 5.19728409008949 -0.385669781829759 1.90616079304902 -0.683122667048408
MCL -6.3376424338477 -2.07961358508912 -0.420512293899324 0.554823765197597
MCN 5.5733462432913 1.71601316255349 1.68860094891151 -3.75876957002567
MER -4.64689071325916 -1.73547133641365 -3.39712505308435 1.1162470209025
MEZ 6.93782577209459 0.760358917336101 -1.45832076961022 -1.0849847101956
MGG -4.72058283475066 -0.210386225642102 -0.492174782070583 -0.0323701452709603
MOM 6.26693259195939 2.01838407544845 0.251682360268859 -2.52802524671092
MOR 0.74874294417216 -7.31737588135437 0.301160887306091 -3.38417774328503
MSH 0.993728839773899 -1.1412244259718 4.26145713147027 -3.82964405126628
MSL 15.3121439155489 -1.00266779155213 3.58377243824479 6.50761804159036
MTI -2.34574038877486 -1.66955628987726 -1.84197878552961 -0.837453283197998
NAH -4.38817541481096 -0.19173870067333 -1.17092427215508 1.25379060845342
NAK 3.29707137309515 -3.91908506051774 1.17153601229823 2.74683287240245
NAN -1.44740202571995 2.11659058337834 -0.424527893027452 -0.760441709550264
NAT -6.17053352465586 -0.680990988885343 2.85678234877101 -1.1279474700418
NAV -3.76827504229152 -5.20301273819757 -5.72718408324837 0.966380698586526
NEE 1.76409189911773 0.687107758063569 -1.83767316570886 -0.760465285434737
NEH -3.30766121765137 3.17042355914947 2.03132469383666 2.06869852985937
NEK 1.19138685321362 0.784096502813521 -3.30244301930642 0.541778437112825
NIC -5.48703199789125 0.424174968207741 2.83913672270967 -0.217255772634989
NIM 0.0604226059321025 2.53252387469911 -2.60347430825337 0.787506493219464
NIT -1.56687814849701 1.81618840619645 -0.438723018259306 -0.377127419524678
NOO 2.8102633152824 5.01662294257001 -1.84409000802995 -0.237933086107507
NOR -1.66362521087042 1.06329528942193 -0.814628694242109 -1.34043065814837
OON -3.79110336427168 -1.34902764461278 -1.31926189655272 0.287577009155724
OTT -2.65916270469153 -7.37609497172381 -2.57753032396758 0.308003875680571
PAC -4.57109249473123 0.253520616216096 -0.536229904525132 0.830008401784376
PAL -3.75043557020046 -0.729334789254939 -3.17647634319898 0.94710381601421
PAR -1.65712207046715 -2.05730450377645 -1.91188966547475 -1.05977611655745
PAU -3.38828796551054 -4.61346671078686 -0.845798671736746 0.0237148964869447
PHI 2.39730920133675 1.7001030570141 -2.24041245837785 -0.57726439778513
PIG 10.2845718711607 3.53610721717221 -0.986226112726187 -0.751523191017123
POO 5.12971512116073 2.57706687252735 -0.442136925208051 -2.35412511048708
POR 17.882169061022 -6.00776692508278 5.67310002208539 3.32478098565468
POS 2.08239097543776 0.62750078087163 -1.60465637553428 -1.42425683346518
PRA -2.04924472779697 7.45019536027718 2.85931149238385 4.93290899869121
PUN 0.968634541462205 3.22883774823362 -1.78625277676341 -0.954098859257601
QUA -5.26003343832556 -0.892881183408074 -0.606557665509826 0.204156428861636
QUE -7.0513965851876 -0.34647059775892 0.134654200110049 1.40244131211827
QUI -0.667878760369965 2.08995846004062 -0.657341770464496 -0.6113215066933
QUT -5.2547030293121 -0.879895021596422 -0.609006869093578 0.217633613381485
RAI -3.79784475379257 -3.99588706445178 0.735240263797202 -2.76364319439827
ROB 0.476439607478068 2.93204587827694 -1.66900963770398 -0.550033087144427
ROD 7.25852187796004 -8.54094351217973 6.01097821841106 -0.4806634262826
ROS -1.60670555498612 0.889089386016933 -1.55568093856247 -1.13697199951608
RUS -0.32350749014501 -4.21836899780569 -5.42480472946849 1.75634721035926
SAD 2.84594521773513 -2.88813692556049 -5.48365952755357 3.90056737770355
SAJ -1.89762796703661 1.69163172734191 -0.0996224640350577 0.802260180223478
SAL 5.85699580612379 2.56686471943579 3.49091989791812 -1.69280558903365
SAN -5.04790259249968 -1.50521970277611 -0.73754976586919 1.45633813978276
SAR -3.34706604230757 0.455719578867963 -0.500218172256087 0.405731116393678
SAT -4.5193819220968 0.616585498453688 0.332349325890537 0.725929663742162
SCO -9.9655989236425 2.19983718402096 5.25143258696144 1.67032873612617
SER -5.77053733542999 0.263727695091845 2.58794223984168 -0.135286806301219
SEY -0.158208152748442 1.90242471646234 -1.56849367669011 -1.14560424353252
SFK 9.73430346552088 -3.3735669034682 4.01110974263544 4.4644248483172
SHA -4.35277087031951 5.2515878945135 8.6983892553102 -0.615308995591781
SHK 7.43788290584328 -7.81232508474179 3.53849041755551 0.951385994243386
SHN -4.58803977832058 0.229082924529502 1.31354384654431 -0.628372172155857
SHO 1.23843060177297 0.96720572215665 -0.397903058457354 -3.36907386129736
SHW -5.23294482433422 -2.20539397191436 0.116787154526166 0.0712239998062284
SID -1.20328958249652 1.25812245198676 -0.705943210789061 -1.5609518407293
SIL -5.69600944163512 -0.578131530879494 2.35964030688887 -1.16276229050222
SIN 3.23580828062833 -0.668071803049311 3.20618001167537 -3.39469377946888
SIT -0.755402388666393 -2.72780622061198 -0.941327456345577 0.535370585197185
SLI -2.15983400976266 1.03378724109254 -0.93426583364058 -1.08761193950315
SLL 3.61111273569278 1.14513136995188 -1.52879620349665 -0.927035786584641
SMI -0.0710364414605766 8.97595833738766 2.88564520211744 4.40137395502568
SNA 5.76458139462854 -8.63607002408011 1.39423747019583 0.873920572307564
SNO 2.9686970613459 0.486630777170716 -2.02987843438345 -1.37153816017939
SOF -0.141385523475074 3.84579218123363 -2.1252394410909 1.38759016152548
SOH -0.141385523475074 3.84579218123363 -2.1252394410909 1.38759016152548
SOL -0.979087680160702 4.44799910813252 -1.84018838929186 1.42123787415681
SOO -3.16931179163799 1.40688604243197 0.588786093075881 0.27036074263076
SOS -4.21461931525407 -0.227358778277734 1.76257928821286 -0.617750028915603
SOW -0.141385523475074 3.84579218123363 -2.1252394410909 1.38759016152548
SPI -0.989408630682153 -2.65410144171434 -2.99794722380752 1.74822025462157
SPU 3.86534499517845 0.96524385686617 0.0341165990833318 -2.75337721058133
SQA -2.95404708854795 0.617831035619487 0.503277275368579 -1.73374252801606
STA 3.25539986511817 3.9563831070289 -1.33130849060745 -1.13075685745361
STE -6.20731113005962 -1.31470640238858 -0.0764008561708284 0.332507282263522
SUS 7.78063783134833 -3.59815825548608 1.77331171720591 1.43483030130242
TAS -4.39567087159892 -1.31543136384535 -2.82457598914806 0.763839298746186
TEN -5.82792920818201 -1.9169934043979 2.57369822096916 -1.69605951708931
THO 2.82018531243002 0.506252365108748 -2.2048466755157 -1.3730313909253
THR -6.28684469310118 -0.651686185349278 0.17242540787841 0.628110599593272
TLE -4.62670791185297 -1.27051702943488 -1.45882109870215 1.03617427992816
TML -7.24479905078134 2.14879893763598 1.88347056789291 2.3273649938225
TOB -0.0764497580959022 -8.06834513224927 -1.77442849460894 -2.41062278009064
TRA 5.71987306196222 -1.58408311445218 -2.16516160643219 1.95031477045041
TRE -2.04903463092101 1.22187806223322 -0.202713756840955 -1.10445509267099
TRI 3.29268909303625 9.83465880292165 4.51965649809134 1.22703368003808
TSE 5.20514664741288 1.20542799593462 -1.87964655019601 -0.683885801740292
TSU -4.99168305673437 -0.929422919855299 -0.765609467698903 0.226256087854625
TYL -3.10570524155013 -1.40911372025225 -1.74920129339492 -0.0977706871870066
UKE -1.0641839319535 2.87491643612148 -1.88020402365556 0.915670958107928
UPB 5.62337658955247 3.42883576541091 -0.67396273252363 -2.46871576754731
UPP -7.19912436729971 3.3797618028769 1.73444191611613 4.61968197134187
UPT 4.51886022400851 4.94825797013717 -1.74749691664162 -0.889150207750812
DRA -2.80060451535088 -1.7492084399496 -1.79650959583715 -0.565931435962691
WAS -6.20270267359801 -1.33317359873739 0.0247286117465228 0.291119665103934
WAU -2.74117824180322 0.971423562641234 -1.8856542958536 0.244251116976965
WHI -4.21885368293118 -5.11216170092401 -6.11085094824104 1.47532468880612
WHO -4.32722593389382 0.0202511936815227 1.5207103884977 -1.50698552549258
WID -0.426591086005718 1.74354245737197 -0.654529573655649 -1.56110659504
WOR -6.56826362633432 -1.36313816624773 2.59581561040187 -1.20400799998358
YAK -3.38985199486793 -0.227441656073243 -2.54459233404627 1.60232471228379
